# Created by Octave 7.3.0, Wed Mar 01 13:44:10 2023 GMT <unknown@Akayyy>
# name: I
# type: diagonal matrix
# rows: 3
# columns: 3
1
1
1


# name: A
# type: matrix
# rows: 3
# columns: 3
 1 1 1
 1 1 1
 1 1 1


